SPNT       6147       163 1188797.5 7598759.6   0530415                         
VELF       6147    0    0 1500    3 1500   87 1581  669 2102 1117 2358          
VELF                 1659 2554 2192 2723 3317 3032 4677 3342 5422 3495          
VELF                 6972 3704 9598 3946                                        
SPNT       6227       123 1187023.5 7599685.8   0530415                         
VELF       6227    0    0 1500    3 1500   79 1571  614 2059  995 2290          
VELF                 1529 2506 3152 2984 5107 3412 5957 3571 9611 3952          
SPNT       6147       163 1188797.5 7598759.6   0530415                         
VELF       6147    0    0 1500    3 1500   87 1581  669 2102 1117 2358          
VELF                 1659 2554 2192 2723 3317 3032 4677 3342 5422 3495          
VELF                 6972 3704 9598 3946                                        
SPNT       6227       123 1187023.5 7599685.8   0530415                         
VELF       6227    0    0 1500    3 1500   79 1571  614 2059  995 2290          
VELF                 1529 2506 3152 2984 5107 3412 5957 3571 9611 3952          
SPNT       7401      7170 1185173.9 7619242.2   0660011                         
VELF       7401    0    0 1500  159 1619  981 2241 1668 2500 2345 2726          
VELF                 3175 2956 4093 3207 5201 343320729 4728                    
SPNT       7475      7207 1182992.1 7620386.5   0660011                         
VELF       7475    0    0 1500  102 1578  914 2254 1601 2520 2312 2747          
VELF                 3118 2976 3990 3204 5056 341920359 4630                    
SPNT       2627      1290 1175228.1 7641798.8   2030083                         
VELF       2627    0    0 1500   63 1564  691 2039 2253 2665 4523 3268          
VELF                 6264 356012466 4308                                        
SPNT       3489      1690 1187420.2 7582987.9   2030094                         
VELF       3489    0    0 1500  123 1641  291 1830  723 2116 1249 2368          
VELF                 2208 2694 2506 2780 5933 3611 9801 4043                    
SPNT       3649      1770 1188602.6 7584601.2   2030094                         
VELF       3649    0    0 1500  121 1618  255 1763  552 1987  772 2143          
VELF                 1033 2280 1350 2408 1657 2518 2273 2714 4048 3192          
VELF                 5631 3545 9741 4021                                        
SPNT        129        10 1190746.0 7584188.6   2030095                         
VELF        129    0    0 1500  127 1592  488 1887  647 2010  989 2178          
VELF                 1257 2300 1534 2424 2030 2593 3081 2938 3846 3141          
VELF                 9690 4007                                                  
SPNT        289        90 1189588.2 7582559.4   2030095                         
VELF        289    0    0 1500  132 1646  188 1716  357 1889  748 2128          
VELF                 1761 2537 2087 2638 2736 2839 3517 3063 4675 3373          
VELF                 9791 4045                                                  
SPNT        449       170 1188394.3 7580945.7   2030095                         
VELF        449    0    0 1622  117 1676  393 1924  641 2084  928 2234          
VELF                 1605 2485 1809 2551 2825 2857 4518 333710216 4248          
SPNT        129        10 1193209.1 7584098.2   2030096                         
VELF        129    0    0 1500  141 1563  396 1766  953 2097 1382 2284          
VELF                 1858 2464 3314 2952 3616 3028 9618 3990                    
SPNT        289        90 1192015.3 7582491.6   2030096                         
VELF        289    0    0 1500  110 1576  274 1720  864 2131 2193 2647          
VELF                 4141 3216 6307 3671 9740 4027       